TACH1 = 1100
TACH1.Min = 0
TACH1.Max = 3000
TACH1.highWarn = 2600
TACH1.highAlarm = 2850

MAP1 = 12.3
MAP1.Min = 0
MAP1.Max = 30
MAP1.highWarn = 28
MAP1.highAlarm = 29

OILP1 = 65.3
OILP1.Min = 0
OILP1.Max = 100
OILP1.lowAlarm = 10
OILP1.lowWarn = 45
OILP1.highWarn = 90
OILP1.highAlarm = 95

# These are deg C
OILT1 = 90.9444
OILT1.Min = 71.111111
OILT1.Max = 121.11111
#OILT1.lowAlarm = -12.222222
#OILT1.lowWarn = 7.2222222
OILT1.highWarn = 98.8888889
OILT1.highAlarm = 110

CHT11 = 156
CHT11.Min = 0
CHT11.Max = 315.555555
CHT11.lowWarn = 93.33333
CHT11.highWarn = 204.4444444
CHT11.highAlarm = 232.2222222

CHT12 = 157
CHT12.Min = 0
CHT12.Max = 315.555555
CHT12.lowWarn = 93.33333
CHT12.highWarn = 204.4444444
CHT12.highAlarm = 232.2222222

CHT13 = 155
CHT13.Min = 0
CHT13.Max = 315.555555
CHT13.lowWarn = 93.33333
CHT13.highWarn = 204.4444444
CHT13.highAlarm = 232.2222222

CHT14 = 153
CHT14.Min = 0
CHT14.Max = 315.555555
CHT14.lowWarn = 93.33333
CHT14.highWarn = 204.4444444
CHT14.highAlarm = 232.2222222

CHTMAX1 = 153
CHTMAX1.Min = 0
CHTMAX1.Max = 315.555555
CHTMAX1.lowWarn = 93.33333
CHTMAX1.highWarn = 204.4444444
CHTMAX1.highAlarm = 232.2222222


FUELQ1 = 11.5
FUELQ1.Min = 0
FUELQ1.Max = 21
FUELQ1.lowWarn = 5
FUELQ1.lowAlarm = 1

FUELQ2 = 12.3
FUELQ2.Min = 0
FUELQ2.Max = 21
FUELQ2.lowWarn = 5
FUELQ2.lowAlarm = 1

FUELQT = 12.3
FUELQT.Min = 0
FUELQT.Max = 42
FUELQT.lowWarn = 5
FUELQT.lowAlarm = 3


FUELF1 = 9.8
FUELF1.Min = 0
FUELF1.Max = 20

FUELP1 = 0.0
FUELP1.Min = 35
FUELP1.Max = 50
FUELP1.highWarn = 45
FUELP1.highAlarm = 48

IAS = 105.2
IAS.Vs = 45.0
IAS.Vs0 = 40
IAS.Vno = 125
IAS.Vne = 140
IAS.Vfe = 70

AOA.Min = -3.0
AOA.Max = 16.5
AOA.0g = -1.0
AOA.Warn = 12.0
AOA.Stall = 15.5
