TACH1.Min = 0
TACH1.Max = 7200
TACH1.highWarn = 6800
TACH1.highAlarm = 7000

MAP1.Min = 0
MAP1.Max = 30
MAP1.highWarn = 28

OILP1.Min = 0
OILP1.Max = 100
OILP1.lowAlarm = 10
OILP1.lowWarn = 45
OILP1.highWarn = 90
OILP1.highAlarm = 95

# These are deg C
OILT1.Min = 71.111111
OILT1.Max = 121.11111
OILT1.lowAlarm = 7.222222
OILT1.lowWarn = 12.2222222
OILT1.highWarn = 98.8888889
OILT1.highAlarm = 110

CHT11.Min = 0
CHT11.Max = 315.555555
#CHT11.lowWarn = 0
CHT11.highWarn = 130.0
CHT11.highAlarm = 150.0

CHT12.Min = 0
CHT12.Max = 315.555555
#CHT12.lowWarn = 0
CHT12.highWarn = 130.0
CHT12.highAlarm = 150.0

#CHTMAX1.Min = 0
#CHTMAX1.Max = 315.555555
#CHTMAX1.lowWarn = 93.33333
#CHTMAX1.highWarn = 204.4444444
#CHTMAX1.highAlarm = 232.2222222

EGT11.Min = 0
EGT11.Max = 700
EGT11.highWarn = 620
EGT11.highAlarm = 650
EGT11.lowWarn = 400
EGT11.lowAlarm = 380

EGT12.Min = 0
EGT12.Max = 700
EGT12.highWarn = 620
EGT12.highAlarm = 650
EGT11.lowWarn = 400
EGT11.lowAlarm = 380

FUELQ1.Min = 0
FUELQ1.Max = 21
FUELQ1.lowWarn = 5
FUELQ1.lowAlarm = 1

FUELQ2.Min = 0
FUELQ2.Max = 21
FUELQ2.lowWarn = 5
FUELQ2.lowAlarm = 1

FUELQT.Min = 0
FUELQT.Max = 42
FUELQT.lowWarn = 5
FUELQT.lowAlarm = 3

FUELF1.Min = 0
FUELF1.Max = 20

FUELP1.Min = 0
FUELP1.Max = 10
FUELP1.lowWarn = 2.9
FUELP1.highWarn = 5.8
#FUELP1.highAlarm = 48

IAS.Vs = 45.0
IAS.Vs0 = 40
IAS.Vno = 125
IAS.Vne = 140
IAS.Vfe = 70

AOA.Min = -3.0
AOA.Max = 16.5
AOA.0g = -1.0
AOA.Warn = 12.0
AOA.Stall = 15.5
